179.0 195.1 183.7 178.7 171.5 181.8 172.5 181.6 174.6 190.4 173.8 172.6
185.2 178.4 177.6 183.5 178.1 177.0 172.9 180.2 188.4 169.4 180.2 189.0
182.4 185.8 180.7 178.7 183.4 183.0 177.0 175.0 179.9 160.9 175.1 176.8
186.3 180.4 176.4 174.0 181.0 170.1 175.2 170.3 185.1 182.7 169.4 172.8
194.3 181.1 181.3 167.0 180.7 174.5 192.8 176.4 180.8 174.1 171.0 188.0
180.8 172.6 183.7 180.7 178.8 176.4 158.9 166.0 162.2 167.8 170.9 164.9
168.1 164.0 163.3 183.2 167.0 163.8 174.0 163.0 167.1 168.1 163.0 154.6
170.3 170.6 175.1 156.5 160.3 170.8 156.5 165.2 169.8 171.2 160.4 163.8
169.6 172.7 162.4 166.8 157.1 181.1 158.4 165.6 166.7 156.5 168.1 165.3
163.7 173.7 163.9 169.2 170.1 166.0 164.2 176.0 170.9 169.2 172.0 163.0
154.5 172.5 175.6 167.2 164.0 162.1 161.6 153.6 177.5 169.8 173.5 166.8
166.2 162.8 168.6 169.2